loss:0.962249777876
accuracy:0.595821980018
