loss:1.16581306077
accuracy:0.499094202899