loss:1.12764538026
accuracy:0.504528985507