loss:0.451644283752
 accuracy:0.83064
