loss:0.466349189124
accuracy:0.77994269341
