loss:0.975327630219
accuracy:0.587647593097
