loss:0.941832954117
accuracy:0.601271571299
